311401086 
322306096 
179279643 
742740603 
980574201 
634799082 
332943937 
412200616 
113223231 
990806669 
995113383 
965302595 
718066360 
48924036 
771947324 
264119009 
12439082 
927556443 
883239110 288
850324783 309
341266193 309
1026094722 
876846283 280
943023038 310
353390392 281
854176734 284
900024293 283
865541436 296
295323664 311
784948000 
1021021591 280
1019444572 289
416363590 283
686467433 283
722866642 
386371350 312
438345187 306
802743521 
753995426 308
133403138 315
989975598 282
641997725 280
891697106 306
871585069 283
606793069 
803077334 
486830437 
98969684 
613055693 
104435113 
510164513 
940391501 
375787222 
995622478 
268950228 
331170690 
827311576 
756868256 
761518022 
336414663 
687145510 
694588545 
166907967 
379489278 
74139997 
64521441 
960341187 
245833918 
819537812 
833196547 
991280518 
782692578 
622803832 
363721033 
422199289 
710129151 
644618162 
660420401 
1001964057 
601946454 
963276350 
225499792 
965767217 
198876429 
417511825 
875043958 
60011104 
22685720 
990371111 
237872073 
678107609 
370989405 
214868120 
266521695 
795641693 
275535579 
602630081 
929383389 
89230770 
529236822 
580409759 
391570980 
325946423 
987171243 
568028252 
594934799 
348211824 
834674285 
243528814 
950953472 
180018814 
557297774 
233243858 
190850404 
340609667 
621933852 
488531490 
496550120 
689899841 
425705117 
163753798 
355746745 
281391605 
1035454730 
539263216 
248514844 
776987688 
992947708 
763348053 
875475944 
788301761 
438487096 
946390041 
215004465 
337781917 
11709771 
91257752 
718952976 
36936197 
475877884 
583988401 
474739481 
625966001 
640920430 
1043537539 
329743581 
688929353 
295474799 
7544938 
233289571 
190312376 
1043630030 
268955144 
642998529 
760879357 
356826505 
